-1.150423902931213433e+02 -1.500091224374771173e+02
-9.722011572742462704e+01 -1.699700699510574395e+02
-7.512049526596069882e+01 -1.585638142290115411e+02
-5.444665676975250790e+01 -1.685442879858017022e+02
-3.662438220405579159e+01 -1.906439084472656305e+02
-1.096030682945252011e+01 -1.920696904125213678e+02
9.212240514827954030e-01 -1.977728182735443170e+02
4.459488925933783321e-01 -2.053769923808592921e+02
1.470376854515075138e+01 -2.101295916798096641e+02
2.468424230194091251e+01 -2.153574661376494532e+02
3.228842728710901611e+01 -2.281895038249510890e+02
3.656577318287622802e+01 -2.376947133007049615e+02
4.464518981552123478e+01 -2.462494050922393853e+02
6.032879143333434513e+01 -2.514772686722260460e+02
6.032879143333434513e+01 -2.562298788490295465e+02
4.369468300915491454e+01 -2.671608702900391563e+02
8.525365525238385089e+00 -2.761908263626098687e+02
-3.092125434303284237e+01 -2.776166083278656060e+02
-7.274419561648551280e+01 -2.723887447478789454e+02
-1.079134804668426568e+02 -2.567051431300658351e+02
-1.235970820846557672e+02 -2.429225768806916221e+02
-1.369043786140671273e+02 -2.148822018566131646e+02
-1.388054248603591532e+02 -1.830397234620975269e+02
-1.364291197719574029e+02 -1.611777623357845641e+02
-1.254981228920212288e+02 -1.526230705442501403e+02
