-1.476282697139171205e+02 -1.853588344889564326e+02
-1.226864262630397349e+02 -1.950530256159620137e+02
-1.081738519851973166e+02 -1.748569596137039071e+02
-8.522228673657657794e+01 -1.743639005750664808e+02
-5.930950608531008328e+01 -1.859636632517415364e+02
-3.579535602235044678e+01 -1.755827978801849838e+02
-2.261966862238718079e+01 -1.752702198703302088e+02
-1.959091908665587312e+01 -1.822613590179100811e+02
-4.729473824733815945e+00 -1.800230413308671018e+02
6.536598744747294631e+00 -1.801500713119574755e+02
1.913760038000208397e+01 -1.881312728684457909e+02
2.726401827936757627e+01 -1.946586021243413711e+02
3.834658001224678969e+01 -1.986129099283606934e+02
5.469417177573782851e+01 -1.961507643495086199e+02
5.685181164497211626e+01 -2.003853710239645807e+02
4.699327878192423213e+01 -2.176766829099663596e+02
1.975670172251508916e+01 -2.416889687037833028e+02
-1.474320247036698106e+01 -2.608677404039286216e+02
-5.438111640500859778e+01 -2.751968978559062293e+02
-9.283738479390287068e+01 -2.771892276963596373e+02
-1.130687302973924062e+02 -2.720290773842957606e+02
-1.376556821944728313e+02 -2.530863064987231041e+02
-1.538057094819747022e+02 -2.255775074382646324e+02
-1.616135288017680978e+02 -2.050195375085501723e+02
-1.557576880674187692e+02 -1.924346825736986659e+02
