1.287406535896301136e+02 3.121872285875319903e+02
1.536918379816055165e+02 2.842419020685195505e+02
1.846313066276550217e+02 3.002106600793838425e+02
2.135746805223464833e+02 2.862379968198775941e+02
2.385258649143218861e+02 2.552985281738280889e+02
2.744555704387664719e+02 2.533024334224700738e+02
2.910897136720759022e+02 2.453180544170379278e+02
2.904243284496307069e+02 2.346722106667969854e+02
3.103852759632110292e+02 2.280185716482664589e+02
3.243579392227172775e+02 2.206995474072907655e+02
3.350037982019525771e+02 2.027346946450684584e+02
3.409920824560267079e+02 1.894274013790130482e+02
3.523032657417297173e+02 1.774508328708648435e+02
3.742603080066680832e+02 1.701318238588835356e+02
3.742603080066680832e+02 1.634781696113586236e+02
3.509725562128168690e+02 1.481747815939451698e+02
3.017355117353337164e+02 1.355328430923461838e+02
2.465102439197540036e+02 1.335367483409881402e+02
1.879581261369202707e+02 1.408557573529694764e+02
1.387211273464202748e+02 1.628127996179078139e+02
1.167640850814819231e+02 1.821083923670317120e+02
9.813386994030601329e+01 2.213649174007415468e+02
9.547240519549717419e+01 2.659443871530634738e+02
9.879923231925963023e+01 2.965511327299016102e+02
1.141026279511702768e+02 3.085277012380497581e+02
