8.312042240051601993e+01 2.626976317154610001e+02
1.180390032317443598e+02 2.491257641376531637e+02
1.383566072207237596e+02 2.774002565408144960e+02
1.704887985687927880e+02 2.780905391949069099e+02
2.067666914805658678e+02 2.618508714475618149e+02
2.396865015687093319e+02 2.763840829677409943e+02
2.581324639286579554e+02 2.768216921815376850e+02
2.623727132786817720e+02 2.670340973749258637e+02
2.831787366453726236e+02 2.701677421367860461e+02
2.989512382426461841e+02 2.699899001632595059e+02
3.165926405320029176e+02 2.588162179841758643e+02
3.279696255911146068e+02 2.496779570259220691e+02
3.434852120171454999e+02 2.441419261002950236e+02
3.663718404860329088e+02 2.475889299106879093e+02
3.693925363029609912e+02 2.416604805664495643e+02
3.555905902946939250e+02 2.174526439260470738e+02
3.174593824115211191e+02 1.838354438147033534e+02
2.691595165414861981e+02 1.569851634344999241e+02
2.136664370329879716e+02 1.369243430017312733e+02
1.598276612885359782e+02 1.341350812250965134e+02
1.315037775836506171e+02 1.413592916619859352e+02
9.708204492773802485e+01 1.678791709017876315e+02
7.447200672523541698e+01 2.063914895864295147e+02
6.354105967752465745e+01 2.351726474880297530e+02
7.173923670561372035e+01 2.527914443968218450e+02
